0118873156
0201626748
0691130272
0471987980
0691025657
0309157994
0122191412
0805389121
0309157994
0521756189
0321595580
0393603326
189138922X
1107179866
1107179866
1108420419
0977858278
0805382917
0805382917
0123821886
0534408966
0470617985
0306450364
1429215089
0691151687
1491962291
0321334876
B009DWN19I
1480215236
0977858278
0136020402
0306450364
0030105676
093570275X
0813350190
0201380277
1108420419
1421415658
1107028728
0123821886
0123821886
0486632288
047141526X
0521876222
0521876222
189138922X
1259587541
